  Dim rdm As System.Random
  For i As Integer = 0 To 100
      rdm = New System.Random									'Random不可重複在短時間new出來，否則出現的亂數會重複
      Debug.Write(rdm.Next(1, 100) & ",")
      If (i Mod 10) = 9 Then Debug.Write(vbNewLine)
  Next
            
Result:
72,56,56,56,56,56,56,56,56,56,
56,56,56,91,91,91,91,91,91,91,
91,91,91,91,91,91,91,91,91,91,
91,91,91,91,91,91,91,91,91,91,
91,91,91,91,91,91,91,91,91,91,
75,75,75,75,75,75,75,75,75,75,
75,75,75,75,75,75,75,75,75,75,
75,75,75,75,75,75,75,75,12,12,
12,12,12,12,12,12,12,12,12,12,
12,12,12,12,12,12,12,12,12,12,
12,

  Dim rdm As System.Random
  rdm = New System.Random											'要放在迴圈外面
  For i As Integer = 0 To 100
      Debug.Write(rdm.Next(1, 100) & ",")
      If (i Mod 10) = 9 Then Debug.Write(vbNewLine)
  Next
              
Result:
63,12,62,19,41,11,59,58,91,72,
40,26,80,93,41,28,25,45,22,6,
47,60,74,73,63,59,4,73,98,59,
87,42,36,21,88,94,56,85,85,34,
46,83,63,97,94,60,56,78,56,45,
17,25,10,81,77,4,38,89,56,82,
7,86,59,32,85,98,89,59,6,46,
71,39,59,88,60,64,96,76,79,3,
3,26,17,54,42,62,33,55,44,84,
56,67,29,3,28,59,24,31,13,95,
70,

說明：
當要產生多個亂數，通常會用迴圈去跑。但是Random產生亂數的機制是new的時候，用時間標籤
去當seed，讀取亂數表，而如果在迴圈內重複的new出Random，再執行Next()，因為迴圈速度過快的原因
，同一個時間，就跑了好幾圈，就會用到同樣的時間標籤，讀出同樣的亂數表，取出亂數表的第一個Next()就會重複。
所以不可以在迴圈裡面new，要在回圈外new。
這樣每執行一個Next()或NextDouble()就不會重複。