
~IX4;
~W2x2;        ********新光    2011年12月火 險 保 單 總 分 項 保 費 不 合 清 單  ********     PAGE=0001
~w1x5;

CO.    保      號                  總   保  額    總 保 費                             分 項 保 額                分項保費    純保費
+----+------------+------------+-+--------------+-----------+----------------+---+-+-+--------------+-----+----+-----------+----------+-------+-+-------+---+--------
                                                                                商品代碼    製送日
          +--+----+--+--+--+--+--+--+--+--+--+--+----+---+----+------+-+--+-+-+------------+-------
 身份證字號  被保險人名稱(商火要填列)                                                       100 byte
+----------+------------------------------------+------------------------------------------+-------
 標的物地址名稱(商火要填列)                                                                 120byte地 址                                 +新增Sb&巨大欄16byte  通
+-----------------------------------------------+------------------------------------------+-----------------------------------+------------------------------+--
              sb 核 自負額類量 自負總額 批co   批單生效期間    費率年   動  多核技 天災賠償限額總係數 保額調
            +---+---+-+--------+--------+----+----------------+-------+---+---+---+-+---------+-----+----+554

1300 01FFP0000087              E +0000000225000 +0000000065 2012013120130131 104 0 2 +0000001500000 00029 0100 +0000000430 +0000000239 A0001A8 2         0   20111220
          070 0016 +00 00 +00 0000 +00 0000 000000 1 01   P 212010010111 20120109
 A229174359 吳若菲
 台北市中山區民族東路１６０號３樓                                                                                                         0 10000 0 002277 003 20
            +00 +00 7 00000000 00000000 0000 00000000 00000000 201104 000 -00 +00  7  000000000 0000  000

1300 01FFP0000087              E +0000000225000 +0000000065 2012013120130131 104 0 2 +0000000225000 00029 0100 +0000000065 +0000000036 A0001A8 2         0   20111220
          070 0016 +00 00 +00 0000 +00 0000 000000 1 01   P 212010010111 20120109
 A229174359 吳若菲
 台北市中山區民族東路１６０號３樓                                                                                                         0 10000 0 002277 003 20
            +00 +00 7 00000000 00000000 0000 00000000 00000000 201104 000 -00 +00  7  000000000 0000  000

1300 01FFP0000121              E +0000000225000 +0000000065 2012011920130119 108 0 2 +0000000225000 00029 0100 +0000000065 +0000000036 A0001A8 2         0   20111226
          070 0016 +00 00 +00 0000 +00 0000 000000 1 01   P 212010010111 20120109
 A103546764 林榮福　#05998
 台北市萬華區桂林路２４６巷４２弄３６號１樓                                                                                               0 10000 0 002304 004 20
            +00 +00 7 00000000 00000000 0000 00000000 00000000 201104 000 -00 +00  7  000000000 0000  000

1300 01FFP0000121              E +0000000225000 +0000000065 2012011920130119 108 0 2 +0000001500000 00029 0100 +0000000430 +0000000239 A0001A8 2         0   20111226
          070 0016 +00 00 +00 0000 +00 0000 000000 1 01   P 212010010111 20120109
 A103546764 林榮福　#05998
 台北市萬華區桂林路２４６巷４２弄３６號１樓                                                                                               0 10000 0 002304 004 20
            +00 +00 7 00000000 00000000 0000 00000000 00000000 201104 000 -00 +00  7  000000000 0000  000

1300 01FFP0000158              E +0000000225000 +0000000065 2012011220130112 242 0 2 +0000000225000 00029 0100 +0000000065 +0000000036 A0001A8 2         0   20111227
          071 0016 +00 00 +00 0000 +00 0000 000000 1 01   P 212010010111 20120109
 A122355041 王進炘　#57-04851
 新北市新莊區豐年街豐一巷８－２號３樓                                                                                                     0 10000 0 002400 005 20
            +00 +00 7 00000000 00000000 0000 00000000 00000000 201104 000 -00 +00  7  000000000 0000  000

1300 01FFP0000158              E +0000000225000 +0000000065 2012011220130112 242 0 2 +0000001500000 00029 0100 +0000000430 +0000000239 A0001A8 2         0   20111227
          071 0016 +00 00 +00 0000 +00 0000 000000 1 01   P 212010010111 20120109
 A122355041 王進炘　#57-04851
 新北市新莊區豐年街豐一巷８－２號３樓                                                                                                     0 10000 0 002400 005 20
            +00 +00 7 00000000 00000000 0000 00000000 00000000 201104 000 -00 +00  7  000000000 0000  000

1300 01FFP0000228              E +0000000525000 +0000000151 2012011320130113 208 0 2 +0000003500000 00029 0100 +0000001003 +0000000558 A0001A8 2         0   20111228
          086 0016 +00 00 +00 0000 +00 0000 000000 1 01   P 212010010111 20120109
 E201921247 賴美惠 #03143
 新北市金山區山城路１０巷３２弄９號（全棟）                                                                                               0 10000 0 005832 004 20
            +00 +00 7 00000000 00000000 0000 00000000 00000000 201104 000 -00 +00  7  000000000 0000  000

1300 01FFP0000228              E +0000000525000 +0000000151 2012011320130113 208 0 2 +0000000525000 00029 0100 +0000000151 +0000000084 A0001A8 2         0   20111228
          086 0016 +00 00 +00 0000 +00 0000 000000 1 01   P 212010010111 20120109
 E201921247 賴美惠 #03143
 新北市金山區山城路１０巷３２弄９號（全棟）                                                                                               0 10000 0 005832 004 20
            +00 +00 7 00000000 00000000 0000 00000000 00000000 201104 000 -00 +00  7  000000000 0000  000

1306 01FFP0000017              E +0000000225000 +0000000065 2012012420130124 300 0 2 +0000000225000 00029 0100 +0000000065 +0000000036 A0001A8 2         0   20111227
          088 0016 +00 00 +00 0000 +00 0000 000000 1 01   P 212010010111 20120109
 J220433695 陳仕慧、陳文慧、陳欣慧
 新竹市延平路三段６７１號四樓（建號１９７）                                                                                               0 10000 0 002662 007 10
            +00 +00 7 00000000 00000000 0000 00000000 00000000 201104 000 -00 +00  7  000000000 0000  000
~W2x2;        ********新光    2011年12月火 險 保 單 總 分 項 保 費 不 合 清 單  ********     PAGE=0002
~w1x5;

CO.    保      號                  總   保  額    總 保 費                             分 項 保 額                分項保費    純保費
+----+------------+------------+-+--------------+-----------+----------------+---+-+-+--------------+-----+----+-----------+----------+-------+-+-------+---+--------
                                                                                商品代碼    製送日
          +--+----+--+--+--+--+--+--+--+--+--+--+----+---+----+------+-+--+-+-+------------+-------
 身份證字號  被保險人名稱(商火要填列)                                                       100 byte
+----------+------------------------------------+------------------------------------------+-------
 標的物地址名稱(商火要填列)                                                                 120byte地 址                                 +新增Sb&巨大欄16byte  通
+-----------------------------------------------+------------------------------------------+-----------------------------------+------------------------------+--
              sb 核 自負額類量 自負總額 批co   批單生效期間    費率年   動  多核技 天災賠償限額總係數 保額調
            +---+---+-+--------+--------+----+----------------+-------+---+---+---+-+---------+-----+----+554

1306 01FFP0000017              E +0000000225000 +0000000065 2012012420130124 300 0 2 +0000001500000 00029 0100 +0000000430 +0000000239 A0001A8 2         0   20111227
          088 0016 +00 00 +00 0000 +00 0000 000000 1 01   P 212010010111 20120109
 J220433695 陳仕慧、陳文慧、陳欣慧
 新竹市延平路三段６７１號四樓（建號１９７）                                                                                               0 10000 0 002662 007 10
            +00 +00 7 00000000 00000000 0000 00000000 00000000 201104 000 -00 +00  7  000000000 0000  000
~I;